121
S,0,1,0.528,0.563,0.000,5.067,999999,0.680,0.680,0.0073,0.680,0.0073,0.0073,1,0		! Row 1, Col. 1
S,0,1,0.528,0.563,0.528,5.067,999999,0.680,0.680,0.0073,0.680,0.0073,0.0073,1,0		! Row 1, Col. 2
S,0,1,0.528,0.563,1.056,5.067,999999,0.680,0.680,0.0073,0.680,0.0073,0.0073,1,0		! Row 1, Col. 3
S,0,1,0.528,0.563,1.584,5.067,999999,0.680,0.680,0.0080,0.680,0.0080,0.0080,1,0		! Row 1, Col. 4
S,0,1,0.528,0.563,2.112,5.067,999999,0.680,0.680,0.0076,0.680,0.0076,0.0076,1,0		! Row 1, Col. 5
S,0,1,0.528,0.563,2.640,5.067,999999,0.680,0.680,0.0073,0.680,0.0073,0.0073,1,0		! Row 1, Col. 6
S,0,1,0.528,0.563,3.168,5.067,999999,0.680,0.680,0.0073,0.680,0.0073,0.0073,1,0		! Row 1, Col. 7
S,0,1,0.528,0.563,3.696,5.067,999999,0.680,0.680,0.0076,0.680,0.0076,0.0076,1,-16		! Row 1, Col. 8
S,0,1,0.528,0.563,4.224,5.067,999999,0.680,0.680,0.0073,0.680,0.0073,0.0073,1,-52		! Row 1, Col. 9
S,0,1,0.528,0.563,4.752,5.067,999999,0.680,0.680,0.0073,0.680,0.0073,0.0073,1,-12		! Row 1, Col. 10
S,0,1,0.528,0.563,0.000,4.504,999999,0.680,0.680,0.0073,0.680,0.0073,0.0073,1,0		! Row 2, Col. 1
S,0,1,0.528,0.563,0.528,4.504,999999,0.680,0.680,0.0080,0.680,0.0080,0.0080,1,-1		! Row 2, Col. 2
S,0,1,0.528,0.563,1.056,4.504,999999,0.680,0.680,0.0086,0.680,0.0086,0.0086,1,-2		! Row 2, Col. 3
S,0,1,0.528,0.563,1.584,4.504,999999,0.680,0.680,0.0230,0.680,0.0230,0.0230,1,-9		! Row 2, Col. 4
S,0,1,0.528,0.563,2.112,4.504,999999,0.680,0.680,0.0083,0.680,0.0083,0.0083,1,-11		! Row 2, Col. 5
S,0,1,0.528,0.563,2.640,4.504,999999,0.680,0.680,0.0135,0.680,0.0135,0.0135,1,-25		! Row 2, Col. 6
S,0,1,0.528,0.563,3.168,4.504,999999,0.680,0.680,0.0119,0.680,0.0119,0.0119,1,0		! Row 2, Col. 7
S,0,1,0.528,0.563,3.696,4.504,999999,0.680,0.680,0.0128,0.680,0.0128,0.0128,1,0		! Row 2, Col. 8
S,0,1,0.528,0.563,4.224,4.504,999999,0.680,0.680,0.0184,0.680,0.0184,0.0184,1,0		! Row 2, Col. 9
S,0,1,0.528,0.563,4.752,4.504,999999,0.680,0.680,0.0119,0.680,0.0119,0.0119,1,0		! Row 2, Col. 10
S,0,1,0.528,0.563,0.000,3.941,999999,0.680,0.680,0.0073,0.680,0.0073,0.0073,1,-2		! Row 3, Col. 1
S,0,1,0.528,0.563,0.528,3.941,999999,0.680,0.680,0.0073,0.680,0.0073,0.0073,1,-22		! Row 3, Col. 2
S,0,1,0.528,0.563,1.056,3.941,999999,0.680,0.680,0.0080,0.680,0.0080,0.0080,1,-26		! Row 3, Col. 3
S,0,1,0.528,0.563,1.584,3.941,999999,0.680,0.680,0.0158,0.680,0.0158,0.0158,1,-28		! Row 3, Col. 4
S,0,1,0.528,0.563,2.112,3.941,999999,0.680,0.680,0.0086,0.680,0.0086,0.0086,1,-26		! Row 3, Col. 5
S,0,1,0.528,0.563,2.640,3.941,999999,0.680,0.680,0.0125,0.680,0.0125,0.0125,1,-18		! Row 3, Col. 6
S,0,1,0.528,0.563,3.168,3.941,999999,0.680,0.680,0.0106,0.680,0.0106,0.0106,1,-18		! Row 3, Col. 7
S,0,1,0.528,0.563,3.696,3.941,999999,0.680,0.680,0.0236,0.680,0.0236,0.0236,1,-11		! Row 3, Col. 8
S,0,1,0.528,0.563,4.224,3.941,999999,0.680,0.680,0.0204,0.680,0.0204,0.0204,1,-13		! Row 3, Col. 9
S,0,1,0.528,0.563,4.752,3.941,999999,0.680,0.680,0.0158,0.680,0.0158,0.0158,1,0		! Row 3, Col. 10
S,0,1,0.528,0.563,0.000,3.378,999999,0.680,0.680,0.0099,0.680,0.0099,0.0099,1,-7		! Row 4, Col. 1
S,0,1,0.528,0.563,0.528,3.378,999999,0.680,0.680,0.0080,0.680,0.0080,0.0080,1,-16		! Row 4, Col. 2
S,0,1,0.528,0.563,1.056,3.378,999999,0.680,0.680,0.0132,0.680,0.0132,0.0132,1,-15		! Row 4, Col. 3
S,0,1,0.528,0.563,1.584,3.378,999999,0.680,0.680,0.0112,0.680,0.0112,0.0112,1,-40		! Row 4, Col. 4
S,0,1,0.528,0.563,2.112,3.378,999999,0.680,0.680,0.0112,0.680,0.0112,0.0112,1,-23		! Row 4, Col. 5
S,0,1,0.528,0.563,2.640,3.378,999999,0.680,0.680,0.0125,0.680,0.0125,0.0125,1,-22		! Row 4, Col. 6
S,0,1,0.528,0.563,3.168,3.378,999999,0.680,0.680,0.0112,0.680,0.0112,0.0112,1,-20		! Row 4, Col. 7
S,0,1,0.528,0.563,3.696,3.378,999999,0.680,0.680,0.0210,0.680,0.0210,0.0210,1,-30		! Row 4, Col. 8
S,0,1,0.528,0.563,4.224,3.378,999999,0.680,0.680,0.0246,0.680,0.0246,0.0246,1,-34		! Row 4, Col. 9
S,0,1,0.528,0.563,4.752,3.378,999999,0.680,0.680,0.0128,0.680,0.0128,0.0128,1,0		! Row 4, Col. 10
S,0,1,0.528,0.563,0.000,2.815,999999,0.680,0.680,0.0145,0.680,0.0145,0.0145,1,-13		! Row 5, Col. 1
S,0,1,0.528,0.563,0.528,2.815,999999,0.680,0.680,0.0119,0.680,0.0119,0.0119,1,-39		! Row 5, Col. 2
S,0,1,0.528,0.563,1.056,2.815,999999,0.680,0.680,0.0132,0.680,0.0132,0.0132,1,-12		! Row 5, Col. 3
S,0,1,0.528,0.563,1.584,2.815,999999,0.680,0.680,0.0109,0.680,0.0109,0.0109,1,-30		! Row 5, Col. 4
S,0,1,0.528,0.563,2.112,2.815,999999,0.680,0.680,0.0115,0.680,0.0115,0.0115,1,-15		! Row 5, Col. 5
S,0,1,0.528,0.563,2.640,2.815,999999,0.680,0.680,0.0083,0.680,0.0083,0.0083,1,-4		! Row 5, Col. 6
S,0,1,0.528,0.563,3.168,2.815,999999,0.680,0.680,0.0106,0.680,0.0106,0.0106,1,-10		! Row 5, Col. 7
S,0,1,0.528,0.563,3.696,2.815,999999,0.680,0.680,0.0177,0.680,0.0177,0.0177,1,-29		! Row 5, Col. 8
S,0,1,0.528,0.563,4.224,2.815,999999,0.680,0.680,0.0122,0.680,0.0122,0.0122,1,-23		! Row 5, Col. 9
S,0,1,0.528,0.563,4.752,2.815,999999,0.680,0.680,0.0132,0.680,0.0132,0.0132,1,-2		! Row 5, Col. 10
S,0,1,0.528,0.563,0.000,2.252,999999,0.680,0.680,0.0080,0.680,0.0080,0.0080,1,-13		! Row 6, Col. 1
S,0,1,0.528,0.563,0.528,2.252,999999,0.680,0.680,0.0210,0.680,0.0210,0.0210,1,-23		! Row 6, Col. 2
S,0,1,0.528,0.563,1.056,2.252,999999,0.680,0.680,0.0249,0.680,0.0249,0.0249,1,-5		! Row 6, Col. 3
S,0,1,0.528,0.563,1.584,2.252,999999,0.680,0.680,0.0269,0.680,0.0269,0.0269,1,-17		! Row 6, Col. 4
S,0,1,0.528,0.563,2.112,2.252,999999,0.680,0.680,0.0177,0.680,0.0177,0.0177,1,-23		! Row 6, Col. 5
S,0,1,0.528,0.563,2.640,2.252,999999,0.680,0.680,0.0099,0.680,0.0099,0.0099,1,-16		! Row 6, Col. 6
S,0,1,0.528,0.563,3.168,2.252,999999,0.680,0.680,0.0246,0.680,0.0246,0.0246,1,-16		! Row 6, Col. 7
S,0,1,0.528,0.563,3.696,2.252,999999,0.680,0.680,0.0243,0.680,0.0243,0.0243,1,-21		! Row 6, Col. 8
S,0,1,0.528,0.563,4.224,2.252,999999,0.680,0.680,0.0266,0.680,0.0266,0.0266,1,-20		! Row 6, Col. 9
S,0,1,0.528,0.563,4.752,2.252,999999,0.680,0.680,0.0151,0.680,0.0151,0.0151,1,-4		! Row 6, Col. 10
S,0,1,0.528,0.563,0.000,1.689,999999,0.680,0.680,0.0128,0.680,0.0128,0.0128,1,-10		! Row 7, Col. 1
S,0,1,0.528,0.563,0.528,1.689,999999,0.680,0.680,0.0275,0.680,0.0275,0.0275,1,-20		! Row 7, Col. 2
S,0,1,0.528,0.563,1.056,1.689,999999,0.680,0.680,0.0073,0.680,0.0073,0.0073,1,-25		! Row 7, Col. 3
S,0,1,0.528,0.563,1.584,1.689,999999,0.680,0.680,0.0073,0.680,0.0073,0.0073,1,-53		! Row 7, Col. 4
S,0,1,0.528,0.563,2.112,1.689,999999,0.680,0.680,0.0279,0.680,0.0279,0.0279,1,-45		! Row 7, Col. 5
S,0,1,0.528,0.563,2.640,1.689,999999,0.680,0.680,0.0112,0.680,0.0112,0.0112,1,-28		! Row 7, Col. 6
S,0,1,0.528,0.563,3.168,1.689,999999,0.680,0.680,0.0272,0.680,0.0272,0.0272,1,-63		! Row 7, Col. 7
S,0,1,0.528,0.563,3.696,1.689,999999,0.680,0.680,0.0073,0.680,0.0073,0.0073,1,-56		! Row 7, Col. 8
S,0,1,0.528,0.563,4.224,1.689,999999,0.680,0.680,0.0109,0.680,0.0109,0.0109,1,-64		! Row 7, Col. 9
S,0,1,0.528,0.563,4.752,1.689,999999,0.680,0.680,0.0230,0.680,0.0230,0.0230,1,-23		! Row 7, Col. 10
S,0,1,0.528,0.563,0.000,1.126,999999,0.680,0.680,0.0125,0.680,0.0125,0.0125,1,-23		! Row 8, Col. 1
S,0,1,0.528,0.563,0.528,1.126,999999,0.680,0.680,0.0272,0.680,0.0272,0.0272,1,-21		! Row 8, Col. 2
S,0,1,0.528,0.563,1.056,1.126,999999,0.680,0.680,0.0073,0.680,0.0073,0.0073,1,-61		! Row 8, Col. 3
S,0,1,0.528,0.563,1.584,1.126,999999,0.680,0.680,0.0073,0.680,0.0073,0.0073,1,-41		! Row 8, Col. 4
S,0,1,0.528,0.563,2.112,1.126,999999,0.680,0.680,0.0279,0.680,0.0279,0.0279,1,-54		! Row 8, Col. 5
S,0,1,0.528,0.563,2.640,1.126,999999,0.680,0.680,0.0125,0.680,0.0125,0.0125,1,-15		! Row 8, Col. 6
S,0,1,0.528,0.563,3.168,1.126,999999,0.680,0.680,0.0272,0.680,0.0272,0.0272,1,-55		! Row 8, Col. 7
S,0,1,0.528,0.563,3.696,1.126,999999,0.680,0.680,0.0073,0.680,0.0073,0.0073,1,0		! Row 8, Col. 8
S,0,1,0.528,0.563,4.224,1.126,999999,0.680,0.680,0.0109,0.680,0.0109,0.0109,1,-36		! Row 8, Col. 9
S,0,1,0.528,0.563,4.752,1.126,999999,0.680,0.680,0.0230,0.680,0.0230,0.0230,1,-32		! Row 8, Col. 10
S,0,1,0.528,0.563,0.000,0.563,999999,0.680,0.680,0.0106,0.680,0.0106,0.0106,1,-4		! Row 9, Col. 1
S,0,1,0.528,0.563,0.528,0.563,999999,0.680,0.680,0.0217,0.680,0.0217,0.0217,1,-14		! Row 9, Col. 2
S,0,1,0.528,0.563,1.056,0.563,999999,0.680,0.680,0.0259,0.680,0.0259,0.0259,1,-62		! Row 9, Col. 3
S,0,1,0.528,0.563,1.584,0.563,999999,0.680,0.680,0.0275,0.680,0.0275,0.0275,1,-50		! Row 9, Col. 4
S,0,1,0.528,0.563,2.112,0.563,999999,0.680,0.680,0.0190,0.680,0.0190,0.0190,1,-68		! Row 9, Col. 5
S,0,1,0.528,0.563,2.640,0.563,999999,0.680,0.680,0.0168,0.680,0.0168,0.0168,1,-13		! Row 9, Col. 6
S,0,1,0.528,0.563,3.168,0.563,999999,0.680,0.680,0.0243,0.680,0.0243,0.0243,1,-65		! Row 9, Col. 7
S,0,1,0.528,0.563,3.696,0.563,999999,0.680,0.680,0.0249,0.680,0.0249,0.0249,1,-10		! Row 9, Col. 8
S,0,1,0.528,0.563,4.224,0.563,999999,0.680,0.680,0.0292,0.680,0.0292,0.0292,1,-41		! Row 9, Col. 9
S,0,1,0.528,0.563,4.752,0.563,999999,0.680,0.680,0.0164,0.680,0.0164,0.0164,1,-35		! Row 9, Col. 10
S,0,1,0.528,0.563,0.000,0.000,999999,0.680,0.680,0.0096,0.680,0.0096,0.0096,1,-5		! Row 10, Col. 1
S,0,1,0.528,0.563,0.528,0.000,999999,0.680,0.680,0.0093,0.680,0.0093,0.0093,1,-10		! Row 10, Col. 2
S,0,1,0.528,0.563,1.056,0.000,999999,0.680,0.680,0.0102,0.680,0.0102,0.0102,1,-22		! Row 10, Col. 3
S,0,1,0.528,0.563,1.584,0.000,999999,0.680,0.680,0.0106,0.680,0.0106,0.0106,1,-26		! Row 10, Col. 4
S,0,1,0.528,0.563,2.112,0.000,999999,0.680,0.680,0.0086,0.680,0.0086,0.0086,1,-20		! Row 10, Col. 5
S,0,1,0.528,0.563,2.640,0.000,999999,0.680,0.680,0.0115,0.680,0.0115,0.0115,1,-14		! Row 10, Col. 6
S,0,1,0.528,0.563,3.168,0.000,999999,0.680,0.680,0.0145,0.680,0.0145,0.0145,1,-52		! Row 10, Col. 7
S,0,1,0.528,0.563,3.696,0.000,999999,0.680,0.680,0.0177,0.680,0.0177,0.0177,1,-52		! Row 10, Col. 8
S,0,1,0.528,0.563,4.224,0.000,999999,0.680,0.680,0.0158,0.680,0.0158,0.0158,1,-58		! Row 10, Col. 9
S,0,1,0.528,0.563,4.752,0.000,999999,0.680,0.680,0.0125,0.680,0.0125,0.0125,1,-13		! Row 10, Col. 10
S,1,1,0.710,0.299,2.425,4.671,999999,0.680,0.680,0.0125,0.680,0.0125,0.0125,1,-999		! U1
S,1,1,0.710,0.299,0.265,3.291,999999,0.680,0.680,0.0125,0.680,0.0125,0.0125,1,-999		! U5
S,1,1,0.710,0.299,2.375,3.500,999999,0.680,0.680,0.0125,0.680,0.0125,0.0125,1,-999		! U6
S,1,1,0.710,0.299,0.325,1.920,999999,0.680,0.680,0.0125,0.680,0.0125,0.0125,1,-999		! U14
S,1,1,0.276,0.276,2.037,2.712,999999,0.680,0.680,0.0125,0.680,0.0125,0.0125,1,-999		! U8
S,1,1,0.276,0.276,2.037,2.162,999999,0.680,0.680,0.0125,0.680,0.0125,0.0125,1,-999		! U12
S,1,1,0.398,0.728,3.841,2.256,999999,0.680,0.680,0.0125,0.680,0.0125,0.0125,1,-999		! U9
S,1,1,0.323,0.728,1.464,2.096,999999,0.680,0.680,0.0125,0.680,0.0125,0.0125,1,-999		! U11
S,1,1,0.319,0.468,2.856,2.216,999999,0.680,0.680,0.0125,0.680,0.0125,0.0125,1,-999		! U13
S,1,1,1.380,1.380,1.300,0.510,999999,0.680,0.680,0.0125,0.680,0.0125,0.0125,1,-388		! U15
S,1,1,0.157,0.344,0.772,4.006,999999,0.680,0.680,0.0125,0.680,0.0125,0.0125,1,-999		! AR1
S,1,1,0.157,0.344,1.412,3.493,999999,0.680,0.680,0.0125,0.680,0.0125,0.0125,1,-999		! AR5
S,1,1,0.160,0.205,1.460,4.268,999999,0.680,0.680,0.0125,0.680,0.0125,0.0125,1,-999		! AR2
S,1,1,0.160,0.205,2.010,4.308,999999,0.680,0.680,0.0125,0.680,0.0125,0.0125,1,-999		! AR3
S,1,1,0.160,0.205,2.010,3.798,999999,0.680,0.680,0.0125,0.680,0.0125,0.0125,1,-999		! AR4
S,1,1,0.160,0.205,2.010,3.358,999999,0.680,0.680,0.0125,0.680,0.0125,0.0125,1,-999		! AR6
S,1,1,0.160,0.205,0.440,2.747,999999,0.680,0.680,0.0125,0.680,0.0125,0.0125,1,-999		! AR7
S,1,1,0.160,0.205,0.850,2.750,999999,0.680,0.680,0.0125,0.680,0.0125,0.0125,1,-999		! AR8
S,1,1,0.160,0.205,0.205,1.372,999999,0.680,0.680,0.0125,0.680,0.0125,0.0125,1,-999		! AR9
S,1,1,0.160,0.205,0.623,1.372,999999,0.680,0.680,0.0125,0.680,0.0125,0.0125,1,-999		! AR10
S,1,1,0.265,0.250,3.323,2.802,999999,0.680,0.680,0.0125,0.680,0.0125,0.0125,1,5		! Q1
