106
S,0,1,0.528,0.563,0.000,5.067,999999,0.680,0.680,0.0106,0.680,0.0106,0.0106,1,-10		! Row 1, Col. 1
S,0,1,0.528,0.563,0.528,5.067,999999,0.680,0.680,0.0142,0.680,0.0142,0.0142,1,-52		! Row 1, Col. 2
S,0,1,0.528,0.563,1.056,5.067,999999,0.680,0.680,0.0135,0.680,0.0135,0.0135,1,-20		! Row 1, Col. 3
S,0,1,0.528,0.563,1.584,5.067,999999,0.680,0.680,0.0223,0.680,0.0223,0.0223,1,-16		! Row 1, Col. 4
S,0,1,0.528,0.563,2.112,5.067,999999,0.680,0.680,0.0184,0.680,0.0184,0.0184,1,-4		! Row 1, Col. 5
S,0,1,0.528,0.563,2.640,5.067,999999,0.680,0.680,0.0093,0.680,0.0093,0.0093,1,-0		! Row 1, Col. 6
S,0,1,0.528,0.563,3.168,5.067,999999,0.680,0.680,0.0125,0.680,0.0125,0.0125,1,-14		! Row 1, Col. 7
S,0,1,0.528,0.563,3.696,5.067,999999,0.680,0.680,0.0142,0.680,0.0142,0.0142,1,-21		! Row 1, Col. 8
S,0,1,0.528,0.563,4.224,5.067,999999,0.680,0.680,0.0142,0.680,0.0142,0.0142,1,-21		! Row 1, Col. 9
S,0,1,0.528,0.563,4.752,5.067,999999,0.680,0.680,0.0102,0.680,0.0102,0.0102,1,-10		! Row 1, Col. 10
S,0,1,0.528,0.563,0.000,4.504,999999,0.680,0.680,0.0083,0.680,0.0083,0.0083,1,-38		! Row 2, Col. 1
S,0,1,0.528,0.563,0.528,4.504,999999,0.680,0.680,0.0161,0.680,0.0161,0.0161,1,-52		! Row 2, Col. 2
S,0,1,0.528,0.563,1.056,4.504,999999,0.680,0.680,0.0132,0.680,0.0132,0.0132,1,-32		! Row 2, Col. 3
S,0,1,0.528,0.563,1.584,4.504,999999,0.680,0.680,0.0190,0.680,0.0190,0.0190,1,-31		! Row 2, Col. 4
S,0,1,0.528,0.563,2.112,4.504,999999,0.680,0.680,0.0181,0.680,0.0181,0.0181,1,-36		! Row 2, Col. 5
S,0,1,0.528,0.563,2.640,4.504,999999,0.680,0.680,0.0135,0.680,0.0135,0.0135,1,-27		! Row 2, Col. 6
S,0,1,0.528,0.563,3.168,4.504,999999,0.680,0.680,0.0115,0.680,0.0115,0.0115,1,-27		! Row 2, Col. 7
S,0,1,0.528,0.563,3.696,4.504,999999,0.680,0.680,0.0115,0.680,0.0115,0.0115,1,-51		! Row 2, Col. 8
S,0,1,0.528,0.563,4.224,4.504,999999,0.680,0.680,0.0132,0.680,0.0132,0.0132,1,-48		! Row 2, Col. 9
S,0,1,0.528,0.563,4.752,4.504,999999,0.680,0.680,0.0132,0.680,0.0132,0.0132,1,-28		! Row 2, Col. 10
S,0,1,0.528,0.563,0.000,3.941,999999,0.680,0.680,0.0119,0.680,0.0119,0.0119,1,-48		! Row 3, Col. 1
S,0,1,0.528,0.563,0.528,3.941,999999,0.680,0.680,0.0213,0.680,0.0213,0.0213,1,-21		! Row 3, Col. 2
S,0,1,0.528,0.563,1.056,3.941,999999,0.680,0.680,0.0194,0.680,0.0194,0.0194,1,-38		! Row 3, Col. 3
S,0,1,0.528,0.563,1.584,3.941,999999,0.680,0.680,0.0213,0.680,0.0213,0.0213,1,-29		! Row 3, Col. 4
S,0,1,0.528,0.563,2.112,3.941,999999,0.680,0.680,0.0197,0.680,0.0197,0.0197,1,-32		! Row 3, Col. 5
S,0,1,0.528,0.563,2.640,3.941,999999,0.680,0.680,0.0301,0.680,0.0301,0.0301,1,-35		! Row 3, Col. 6
S,0,1,0.528,0.563,3.168,3.941,999999,0.680,0.680,0.0295,0.680,0.0295,0.0295,1,-40		! Row 3, Col. 7
S,0,1,0.528,0.563,3.696,3.941,999999,0.680,0.680,0.0109,0.680,0.0109,0.0109,1,-45		! Row 3, Col. 8
S,0,1,0.528,0.563,4.224,3.941,999999,0.680,0.680,0.0171,0.680,0.0171,0.0171,1,-24		! Row 3, Col. 9
S,0,1,0.528,0.563,4.752,3.941,999999,0.680,0.680,0.0135,0.680,0.0135,0.0135,1,-52		! Row 3, Col. 10
S,0,1,0.528,0.563,0.000,3.378,999999,0.680,0.680,0.0256,0.680,0.0256,0.0256,1,-21		! Row 4, Col. 1
S,0,1,0.528,0.563,0.528,3.378,999999,0.680,0.680,0.0504,0.680,0.0504,0.0504,1,-40		! Row 4, Col. 2
S,0,1,0.528,0.563,1.056,3.378,999999,0.680,0.680,0.0099,0.680,0.0099,0.0099,1,-20		! Row 4, Col. 3
S,0,1,0.528,0.563,1.584,3.378,999999,0.680,0.680,0.0122,0.680,0.0122,0.0122,1,-67		! Row 4, Col. 4
S,0,1,0.528,0.563,2.112,3.378,999999,0.680,0.680,0.0190,0.680,0.0190,0.0190,1,-41		! Row 4, Col. 5
S,0,1,0.528,0.563,2.640,3.378,999999,0.680,0.680,0.0246,0.680,0.0246,0.0246,1,-19		! Row 4, Col. 6
S,0,1,0.528,0.563,3.168,3.378,999999,0.680,0.680,0.0249,0.680,0.0249,0.0249,1,-35		! Row 4, Col. 7
S,0,1,0.528,0.563,3.696,3.378,999999,0.680,0.680,0.0164,0.680,0.0164,0.0164,1,-62		! Row 4, Col. 8
S,0,1,0.528,0.563,4.224,3.378,999999,0.680,0.680,0.0187,0.680,0.0187,0.0187,1,-40		! Row 4, Col. 9
S,0,1,0.528,0.563,4.752,3.378,999999,0.680,0.680,0.0132,0.680,0.0132,0.0132,1,-50		! Row 4, Col. 10
S,0,1,0.528,0.563,0.000,2.815,999999,0.680,0.680,0.0158,0.680,0.0158,0.0158,1,-23		! Row 5, Col. 1
S,0,1,0.528,0.563,0.528,2.815,999999,0.680,0.680,0.0207,0.680,0.0207,0.0207,1,-51		! Row 5, Col. 2
S,0,1,0.528,0.563,1.056,2.815,999999,0.680,0.680,0.0207,0.680,0.0207,0.0207,1,-24		! Row 5, Col. 3
S,0,1,0.528,0.563,1.584,2.815,999999,0.680,0.680,0.0230,0.680,0.0230,0.0230,1,-77		! Row 5, Col. 4
S,0,1,0.528,0.563,2.112,2.815,999999,0.680,0.680,0.0145,0.680,0.0145,0.0145,1,-46		! Row 5, Col. 5
S,0,1,0.528,0.563,2.640,2.815,999999,0.680,0.680,0.0145,0.680,0.0145,0.0145,1,-12		! Row 5, Col. 6
S,0,1,0.528,0.563,3.168,2.815,999999,0.680,0.680,0.0184,0.680,0.0184,0.0184,1,-35		! Row 5, Col. 7
S,0,1,0.528,0.563,3.696,2.815,999999,0.680,0.680,0.0177,0.680,0.0177,0.0177,1,-32		! Row 5, Col. 8
S,0,1,0.528,0.563,4.224,2.815,999999,0.680,0.680,0.0177,0.680,0.0177,0.0177,1,-36		! Row 5, Col. 9
S,0,1,0.528,0.563,4.752,2.815,999999,0.680,0.680,0.0155,0.680,0.0155,0.0155,1,-17		! Row 5, Col. 10
S,0,1,0.528,0.563,0.000,2.252,999999,0.680,0.680,0.0181,0.680,0.0181,0.0181,1,-24		! Row 6, Col. 1
S,0,1,0.528,0.563,0.528,2.252,999999,0.680,0.680,0.0249,0.680,0.0249,0.0249,1,-110		! Row 6, Col. 2
S,0,1,0.528,0.563,1.056,2.252,999999,0.680,0.680,0.0324,0.680,0.0324,0.0324,1,-44		! Row 6, Col. 3
S,0,1,0.528,0.563,1.584,2.252,999999,0.680,0.680,0.0243,0.680,0.0243,0.0243,1,-45		! Row 6, Col. 4
S,0,1,0.528,0.563,2.112,2.252,999999,0.680,0.680,0.0213,0.680,0.0213,0.0213,1,-29		! Row 6, Col. 5
S,0,1,0.528,0.563,2.640,2.252,999999,0.680,0.680,0.0190,0.680,0.0190,0.0190,1,-13		! Row 6, Col. 6
S,0,1,0.528,0.563,3.168,2.252,999999,0.680,0.680,0.0125,0.680,0.0125,0.0125,1,-34		! Row 6, Col. 7
S,0,1,0.528,0.563,3.696,2.252,999999,0.680,0.680,0.0246,0.680,0.0246,0.0246,1,-28		! Row 6, Col. 8
S,0,1,0.528,0.563,4.224,2.252,999999,0.680,0.680,0.0171,0.680,0.0171,0.0171,1,-21		! Row 6, Col. 9
S,0,1,0.528,0.563,4.752,2.252,999999,0.680,0.680,0.0089,0.680,0.0089,0.0089,1,-10		! Row 6, Col. 10
S,0,1,0.528,0.563,0.000,1.689,999999,0.680,0.680,0.0128,0.680,0.0128,0.0128,1,-32		! Row 7, Col. 1
S,0,1,0.528,0.563,0.528,1.689,999999,0.680,0.680,0.0174,0.680,0.0174,0.0174,1,-29		! Row 7, Col. 2
S,0,1,0.528,0.563,1.056,1.689,999999,0.680,0.680,0.0190,0.680,0.0190,0.0190,1,-18		! Row 7, Col. 3
S,0,1,0.528,0.563,1.584,1.689,999999,0.680,0.680,0.0164,0.680,0.0164,0.0164,1,-45		! Row 7, Col. 4
S,0,1,0.528,0.563,2.112,1.689,999999,0.680,0.680,0.0204,0.680,0.0204,0.0204,1,-27		! Row 7, Col. 5
S,0,1,0.528,0.563,2.640,1.689,999999,0.680,0.680,0.0197,0.680,0.0197,0.0197,1,-42		! Row 7, Col. 6
S,0,1,0.528,0.563,3.168,1.689,999999,0.680,0.680,0.0246,0.680,0.0246,0.0246,1,-65		! Row 7, Col. 7
S,0,1,0.528,0.563,3.696,1.689,999999,0.680,0.680,0.0275,0.680,0.0275,0.0275,1,-59		! Row 7, Col. 8
S,0,1,0.528,0.563,4.224,1.689,999999,0.680,0.680,0.0164,0.680,0.0164,0.0164,1,-61		! Row 7, Col. 9
S,0,1,0.528,0.563,4.752,1.689,999999,0.680,0.680,0.0122,0.680,0.0122,0.0122,1,-15		! Row 7, Col. 10
S,0,1,0.528,0.563,0.000,1.126,999999,0.680,0.680,0.0184,0.680,0.0184,0.0184,1,0		! Row 8, Col. 1
S,0,1,0.528,0.563,0.528,1.126,999999,0.680,0.680,0.0341,0.680,0.0341,0.0341,1,-30		! Row 8, Col. 2
S,0,1,0.528,0.563,1.056,1.126,999999,0.680,0.680,0.0269,0.680,0.0269,0.0269,1,-70		! Row 8, Col. 3
S,0,1,0.528,0.563,1.584,1.126,999999,0.680,0.680,0.0298,0.680,0.0298,0.0298,1,-71		! Row 8, Col. 4
S,0,1,0.528,0.563,2.112,1.126,999999,0.680,0.680,0.0220,0.680,0.0220,0.0220,1,-50		! Row 8, Col. 5
S,0,1,0.528,0.563,2.640,1.126,999999,0.680,0.680,0.0252,0.680,0.0252,0.0252,1,-47		! Row 8, Col. 6
S,0,1,0.528,0.563,3.168,1.126,999999,0.680,0.680,0.0168,0.680,0.0168,0.0168,1,-44		! Row 8, Col. 7
S,0,1,0.528,0.563,3.696,1.126,999999,0.680,0.680,0.0204,0.680,0.0204,0.0204,1,0		! Row 8, Col. 8
S,0,1,0.528,0.563,4.224,1.126,999999,0.680,0.680,0.0194,0.680,0.0194,0.0194,1,-44		! Row 8, Col. 9
S,0,1,0.528,0.563,4.752,1.126,999999,0.680,0.680,0.0102,0.680,0.0102,0.0102,1,-20		! Row 8, Col. 10
S,0,1,0.528,0.563,0.000,0.563,999999,0.680,0.680,0.0138,0.680,0.0138,0.0138,1,-21		! Row 9, Col. 1
S,0,1,0.528,0.563,0.528,0.563,999999,0.680,0.680,0.0311,0.680,0.0311,0.0311,1,-37		! Row 9, Col. 2
S,0,1,0.528,0.563,1.056,0.563,999999,0.680,0.680,0.0236,0.680,0.0236,0.0236,1,-60		! Row 9, Col. 3
S,0,1,0.528,0.563,1.584,0.563,999999,0.680,0.680,0.0269,0.680,0.0269,0.0269,1,-62		! Row 9, Col. 4
S,0,1,0.528,0.563,2.112,0.563,999999,0.680,0.680,0.0164,0.680,0.0164,0.0164,1,-50		! Row 9, Col. 5
S,0,1,0.528,0.563,2.640,0.563,999999,0.680,0.680,0.0239,0.680,0.0239,0.0239,1,-29		! Row 9, Col. 6
S,0,1,0.528,0.563,3.168,0.563,999999,0.680,0.680,0.0223,0.680,0.0223,0.0223,1,-54		! Row 9, Col. 7
S,0,1,0.528,0.563,3.696,0.563,999999,0.680,0.680,0.0256,0.680,0.0256,0.0256,1,-11		! Row 9, Col. 8
S,0,1,0.528,0.563,4.224,0.563,999999,0.680,0.680,0.0177,0.680,0.0177,0.0177,1,-54		! Row 9, Col. 9
S,0,1,0.528,0.563,4.752,0.563,999999,0.680,0.680,0.0093,0.680,0.0093,0.0093,1,-22		! Row 9, Col. 10
S,0,1,0.528,0.563,0.000,0.000,999999,0.680,0.680,0.0099,0.680,0.0099,0.0099,1,-3		! Row 10, Col. 1
S,0,1,0.528,0.563,0.528,0.000,999999,0.680,0.680,0.0158,0.680,0.0158,0.0158,1,-11		! Row 10, Col. 2
S,0,1,0.528,0.563,1.056,0.000,999999,0.680,0.680,0.0164,0.680,0.0164,0.0164,1,-40		! Row 10, Col. 3
S,0,1,0.528,0.563,1.584,0.000,999999,0.680,0.680,0.0115,0.680,0.0115,0.0115,1,-41		! Row 10, Col. 4
S,0,1,0.528,0.563,2.112,0.000,999999,0.680,0.680,0.0083,0.680,0.0083,0.0083,1,-20		! Row 10, Col. 5
S,0,1,0.528,0.563,2.640,0.000,999999,0.680,0.680,0.0083,0.680,0.0083,0.0083,1,-14		! Row 10, Col. 6
S,0,1,0.528,0.563,3.168,0.000,999999,0.680,0.680,0.0132,0.680,0.0132,0.0132,1,-52		! Row 10, Col. 7
S,0,1,0.528,0.563,3.696,0.000,999999,0.680,0.680,0.0112,0.680,0.0112,0.0112,1,-52		! Row 10, Col. 8
S,0,1,0.528,0.563,4.224,0.000,999999,0.680,0.680,0.0076,0.680,0.0076,0.0076,1,-48		! Row 10, Col. 9
S,0,1,0.528,0.563,4.752,0.000,999999,0.680,0.680,0.0076,0.680,0.0076,0.0076,1,-9		! Row 10, Col. 10
S,1,1,0.323,0.728,3.012,3.600,999999,0.680,0.680,0.0076,0.680,0.0076,0.0076,1,-999		! U7
S,1,1,1.380,1.380,3.597,3.427,999999,0.680,0.680,0.0076,0.680,0.0076,0.0076,1,-388		! U8
S,1,1,0.157,0.344,2.680,1.962,999999,0.680,0.680,0.0076,0.680,0.0076,0.0076,1,-999		! U12
S,1,1,0.344,0.157,3.178,3.198,999999,0.680,0.680,0.0076,0.680,0.0076,0.0076,1,-999		! U13
S,1,1,0.157,0.344,2.684,1.397,999999,0.680,0.680,0.0076,0.680,0.0076,0.0076,1,-999		! U19
S,1,1,1.380,1.380,0.943,0.351,999999,0.680,0.680,0.0076,0.680,0.0076,0.0076,1,-456		! U18
R,1,1,0.650,0.920,2.600,2.575,999999,0.680,0.680,0.0076,0.680,0.0076,0.0076,1,0		! Revised/Extended Q1
R,1,1,0.265,0.250,2.844,2.895,999999,0.680,0.680,0.0076,0.680,0.0076,0.0076,1,5		! Q1
R,1,1,6.265,6.250,0.000,0.000,999999,0.680,0.680,0.0076,0.680,0.0076,0.0076,1,5		! test of remesh of all pwb

